4294967278,132
4294967278,131
4294967278,130
4294967278,129
4294967278,128
4294967278,127
4294967278,126
4294967278,125
4294967278,124
4294967278,123
4294967278,122
4294967278,121
4294967278,120
4294967278,260
4294967278,174
4294967279,102
4294967279,101
4294967279,100
4294967279,99
4294967279,98
4294967279,97
4294967279,96
4294967279,95
4294967279,94
4294967279,93
4294967279,92
4294967279,91
4294967279,90
4294967279,89
4294967279,87
4294967279,86
4294967279,85
4294967279,84
4294967279,83
4294967279,82
4294967279,81
4294967279,80
4294967279,79
4294967279,78
4294967279,77
4294967279,76
4294967279,75
4294967279,74
4294967279,73
4294967279,72
4294967279,71
4294967279,70
4294967279,69
4294967279,68
4294967279,67
4294967279,66
4294967279,65
4294967279,64
4294967279,63
4294967279,62
4294967279,61
4294967279,60
4294967279,59
4294967279,58
4294967279,57
4294967279,56
4294967279,55
4294967279,54
4294967279,53
4294967279,52
4294967279,51
4294967279,50
4294967279,49
4294967279,48
4294967279,47
4294967279,46
4294967279,45
4294967279,44
4294967279,43
4294967279,42
4294967279,41
4294967279,40
4294967279,39
4294967279,38
4294967279,37
4294967279,36
4294967279,35
4294967279,34
4294967279,33
4294967279,32
4294967279,31
4294967279,30
4294967279,29
4294967279,28
4294967279,27
4294967279,26
4294967279,25
4294967279,24
4294967279,23
4294967279,22
4294967279,21
4294967279,20
4294967279,19
4294967279,18
4294967279,17
4294967279,16
4294967279,15
4294967279,14
4294967279,13
4294967279,10
4294967279,7
4294967279,6
4294967279,5
4294967279,4
4294967294,387
4294967279,11
4294967279,259
4294967278,278
4294967279,276
4294967279,12
4294967279,258
2,5
4294967294,22
4294967279,257
4294967294,7
4294967278,1
4294967278,277
4294967278,0
4294967294,6
4294967294,91
4294967294,90
4294967294,93
4294967294,92
4294967279,275
4294967279,9
2,4
2,3
2,2
2,1
2,0
4294967279,1
4294967279,274
4294967279,8
4294967294,8
0,7
4294967294,438
4294967294,419
4294967294,52
4294967294,466
4294967294,88
4294967294,83
4294967294,30
4294967294,15
4294967294,385
4294967294,157
4294967294,964
4294967294,899
4294967294,898
4294967294,825
4294967294,824
4294967294,436
4294967294,428
4294967294,86
4294967294,38
4294967294,161
4294967294,172
4294967294,185
4294967294,46
4294967294,164
4294967294,187
4294967294,12
4294967294,162
4294967294,24
4294967294,181
4294967294,169
4294967294,17
4294967294,41
4294967294,96
4294967294,116
4294967294,414
4294967294,50
4294967294,450
4294967294,410
4294967294,413
4294967294,65
4294967294,66
4294967294,416
4294967294,455
4294967294,520
4294967294,906
4294967294,2
4294967294,910
4294967294,25
4294967294,1
4294967294,897
4294967294,0
4294967294,401
4294967294,183
4294967294,408
4294967294,28
4294967294,27
4294967294,454
4294967294,26
4294967294,101
0,5
4294967279,273
4294501266,0
4294967294,830
4294967294,937
4294967294,442
4294967294,465
4294967278,276
4294967294,936
4294967294,909
4294967294,966
4294967294,935
4294967294,934
4294967294,827
4294967294,933
4294967294,464
4294967278,275
4294967279,272
4294967293,131
4294967293,130
4294967293,129
4294967293,128
4294967293,127
4294967293,126
4294967293,125
4294967293,124
4294967293,123
4294967293,122
4294967293,121
4294967293,120
4294967293,119
4294967293,118
4294967293,117
4294967293,116
4294967293,115
4294967293,114
4294967293,113
4294967293,112
4294967293,111
4294967293,110
4294967293,109
4294967293,108
4294967293,107
4294967293,106
4294967293,105
4294967293,104
4294967293,103
4294967293,102
4294967293,101
4294967293,100
4294967293,99
4294967293,98
4294967293,97
4294967293,96
4294967293,95
